383.2625318606627 0.00000000000000000
392.7442650807137 0.005338078291814874
400.90059473237045 0.008896797153024938
404.9787595581988 0.07295373665480409
407.1197960917587 0.15302491103202853
410.17841971113 0.2704626334519572
413.2370433305013 0.4288256227758007
415.88785046728975 0.5996441281138789
418.5386576040782 0.7722419928825622
420.1699235344095 0.8914590747330959
422.82073067119796 0.9768683274021351
425.1656754460493 0.9911032028469751
429.95751911639763 0.9448398576512455
434.749362786746 0.8790035587188612
439.1333899745115 0.7740213523131672
443.8232795242141 0.6690391459074733
449.32880203908246 0.5587188612099643
455.7519116397621 0.47153024911032015
462.6847918436704 0.40391459074733094
469.7196261682243 0.3113879003558718
477.3661852166525 0.19572953736654797
486.6440101954121 0.12099644128113862
495.31011045029743 0.07473309608540912
500.10195412064576 0.007117437722419906